26
NULL 0 NULL 0
Joined 0 0,255,0,255,0,0,0,0,0,0 NULL 0 0 0 	# Joined [4a 6f 69 6e 65 64 ]
|Broken|0|1 0 0,255,0,255,0,0,0,0,0,0 NULL 0 0 0 	# Broken
T 0 0,255,0,255,0,0,0,0,0,0 NULL 0 0 0 	# T [54 ]
H 0 0,255,0,255,0,0,0,0,0,0 NULL 0 0 0 	# H [48 ]
E 0 0,255,0,255,0,0,0,0,0,0 NULL 0 0 0 	# E [45 ]
Q 0 0,255,0,255,0,0,0,0,0,0 NULL 0 0 0 	# Q [51 ]
U 0 0,255,0,255,0,0,0,0,0,0 NULL 0 0 0 	# U [55 ]
I 0 0,255,0,255,0,0,0,0,0,0 NULL 0 0 0 	# I [49 ]
C 0 0,255,0,255,0,0,0,0,0,0 NULL 0 0 0 	# C [43 ]
K 0 0,255,0,255,0,0,0,0,0,0 NULL 0 0 0 	# K [4b ]
B 0 0,255,0,255,0,0,0,0,0,0 NULL 0 0 0 	# B [42 ]
R 0 0,255,0,255,0,0,0,0,0,0 NULL 0 0 0 	# R [52 ]
O 0 0,255,0,255,0,0,0,0,0,0 NULL 0 0 0 	# O [4f ]
W 0 0,255,0,255,0,0,0,0,0,0 NULL 0 0 0 	# W [57 ]
N 0 0,255,0,255,0,0,0,0,0,0 NULL 0 0 0 	# N [4e ]
F 0 0,255,0,255,0,0,0,0,0,0 NULL 0 0 0 	# F [46 ]
J 0 0,255,0,255,0,0,0,0,0,0 NULL 0 0 0 	# J [4a ]
M 0 0,255,0,255,0,0,0,0,0,0 NULL 0 0 0 	# M [4d ]
P 0 0,255,0,255,0,0,0,0,0,0 NULL 0 0 0 	# P [50 ]
S 0 0,255,0,255,0,0,0,0,0,0 NULL 0 0 0 	# S [53 ]
V 0 0,255,0,255,0,0,0,0,0,0 NULL 0 0 0 	# V [56 ]
A 0 0,255,0,255,0,0,0,0,0,0 NULL 0 0 0 	# A [41 ]
L 0 0,255,0,255,0,0,0,0,0,0 NULL 0 0 0 	# L [4c ]
D 0 0,255,0,255,0,0,0,0,0,0 NULL 0 0 0 	# D [44 ]
G 0 0,255,0,255,0,0,0,0,0,0 NULL 0 0 0 	# G [47 ]
